R = 0.113841
P = 1.67894e-37
N = 12559