R = 0.656208
P = 1.20841e-82
N = 661