R = 0.0914629
P = 9.57288e-25
N = 12559