R = 0.714625
P = 2.26992e-104
N = 661