R = 0.588731
P = 6.63291e-63
N = 661