R = 0.0919229
P = 5.58382e-25
N = 12559